Q1: [1.193, 1.142, 1.143, 1.137, 1.137], 1.137
Q2: [0.145, 0.131, 0.129, 0.128, 0.132], 0.128
Q3: [0.196, 0.189, 0.181, 0.18, 0.18], 0.18
Q4: [0.082, 0.076, 0.072, 0.071, 0.07], 0.07
Q5: [0.178, 0.167, 0.165, 0.163, 0.163], 0.163
Q6: [0.159, 0.117, 0.114, 0.115, 0.114], 0.114
Q7: [0.231, 0.218, 0.215, 0.213, 0.212], 0.212
Q8: [0.106, 0.096, 0.094, 0.092, 0.092], 0.092
Q9: [0.662, 0.637, 0.63, 0.629, 0.636], 0.629
Q10: [0.206, 0.199, 0.194, 0.19, 0.192], 0.19
Q11: [0.054, 0.041, 0.039, 0.04, 0.039], 0.039
Q12: [0.382, 0.362, 0.364, 0.363, 0.361], 0.361
Q13: [0.642, 0.625, 0.627, 0.626, 0.621], 0.621
Q14: [0.07, 0.073, 0.065, 0.064, 0.062], 0.062
Q15: [0.281, 0.236, 0.233, 0.236, 0.244], 0.233
Q16: [0.149, 0.146, 0.147, 0.144, 0.146], 0.144
Q17: [0.582, 0.529, 0.535, 0.526, 0.524], 0.524
Q18: [1.077, 1.137, 1.156, 1.154, 1.155], 1.077
Q19: [0.026, 0.024, 0.023, 0.022, 0.022], 0.022
Q20: [0.135, 0.069, 0.069, 0.069, 0.069], 0.069
Q21: [0.37, 0.345, 0.334, 0.337, 0.336], 0.334
Q22: [0.041, 0.04, 0.04, 0.039, 0.04], 0.039
